6
23
24
25
26
27
28
29
30
31
32
33
34
35
36
37
38
39
40
41
42
44
45
46
48
49
50
68
86
87
97
98
99
100
121
122
123
124
125
126
127
131
132
133
134
135
136
137
142
143
144
145
146
147
148
149
150
151
152
153
154
155
156
157
158
159
160
163
164
165
166
167
168
170
171
172
175
176
177
178
179
180
181
182
183
189
193
194
195
199
200
205
206
207
214
215
216
217
218
219
220
224
225
227
228
229
230
231
232
233
234
235
236
237
238
239
240
241
245
251
252
254
256
260
267
271
278
280
282
283
284
285
286
288
289
290
291
292
293
294
296
297
299
302
308
313
